30
30
*** GearHead Location Record ***
7
8
23
1
8
8
21
1
10
8
18
1
14
8
15
1
15
8
13
1
18
8
10
1
20
8
9
1
22
8
8
1
26
8
4
1
11
8
3
9
27
8
3
9
25
8
5
9
24
8
7
9
22
8
8
9
21
8
10
9
5
8
6
9
9
8
3
9
3
8
4
9
3
8
9
9
8
8
3
9
4
8
3
9
2
8
10
9
9
8
2
9
4
8
10
9
1
8
4
9
10
8
1
9
7
8
5
9
4
8
3
9
7
8
3
9
1
10
7
8
4
9
5
8
3
9
5
8
5
9
1
10
7
8
3
9
6
8
14
9
16
8
6
9
1
10
5
9
1
8
1
9
2
8
3
9
1
8
3
9
3
8
3
9
1
8
6
9
1
10
3
9
1
10
2
8
1
10
1
8
8
9
2
8
7
9
1
10
3
9
2
10
1
8
1
10
3
8
10
9
2
8
4
9
3
10
4
9
8
8
8
9
3
8
4
9
1
10
6
9
8
8
7
9
5
8
2
9
1
10
7
9
8
8
6
9
6
8
8
9
10
8
4
9
6
8
8
9
1
10
1
8
4
9
14
8
8
9
2
10
1
8
5
9
3
8
1
11
2
8
***
900
-1
