30
30
*** GearHead Location Record ***
5
1
11
8
5
1
4
8
9
1
5
8
3
9
2
8
6
1
6
8
6
1
4
8
4
9
2
10
8
1
6
8
5
1
5
8
3
9
2
10
1
9
8
1
6
8
4
1
6
8
5
9
6
1
1
10
2
1
6
8
4
1
6
8
3
9
8
1
1
10
2
1
1
8
3
9
2
8
4
1
6
8
12
1
3
8
4
9
1
8
4
1
5
8
11
1
4
8
5
9
1
8
4
1
5
8
10
1
5
8
5
9
1
8
4
1
3
9
2
8
10
1
5
8
3
9
2
8
5
1
4
9
2
8
9
1
9
8
6
1
4
9
3
8
8
1
5
8
10
1
1
8
1
9
2
10
1
9
2
8
8
1
3
8
12
1
1
8
2
9
1
10
1
9
1
8
24
1
1
8
2
9
1
10
1
9
25
1
1
8
2
10
1
9
1
8
25
1
1
9
1
10
2
9
1
8
5
1
2
8
7
1
11
6
1
10
3
9
4
1
4
8
7
1
1
6
10
1
3
9
1
8
3
1
5
8
7
1
1
6
10
1
2
9
1
8
4
1
6
8
6
1
1
6
10
1
1
10
2
8
4
1
6
8
6
1
1
6
10
1
1
8
1
10
5
1
6
8
6
1
1
6
17
1
6
8
6
1
1
6
17
1
6
8
6
1
1
6
18
1
4
8
7
1
1
6
19
1
2
8
8
1
1
6
29
1
1
6
29
1
1
6
29
1
1
6
29
1
1
6
10
1
***
900
-1
