30
30
*** GearHead Location Record ***
6
8
9
9
1
10
2
8
6
9
4
8
1
11
6
8
3
9
1
10
4
9
2
10
2
8
7
9
3
8
2
11
4
8
3
9
2
10
3
9
2
10
3
8
8
9
8
8
4
10
2
9
1
8
1
9
1
10
1
9
4
8
6
9
1
10
6
8
1
11
2
8
7
9
4
8
1
10
1
8
6
9
1
8
1
10
5
8
1
11
3
8
7
9
3
8
1
10
1
8
5
9
2
8
1
10
6
8
2
11
2
8
7
9
1
8
2
10
1
8
5
9
1
8
2
10
11
8
6
9
2
10
3
8
4
9
2
10
13
8
5
9
1
10
1
8
3
9
1
8
3
9
1
10
15
8
3
9
1
8
4
10
2
9
2
8
2
10
13
8
1
11
3
8
9
9
2
10
13
8
1
1
2
11
3
8
8
9
1
10
13
8
5
1
3
8
5
9
1
8
2
10
12
8
7
1
8
8
1
10
13
8
8
1
21
8
9
1
19
8
11
1
17
8
13
1
15
8
15
1
13
8
17
1
11
8
19
1
9
8
21
1
7
8
23
1
6
8
24
1
5
8
25
1
4
8
26
1
3
8
27
1
2
8
28
1
1
8
29
1
1
8
59
1
***
900
-1
