30
30
*** GearHead Location Record ***
10
1
20
4
10
1
20
4
10
1
20
4
3
8
7
1
20
4
4
8
6
1
20
4
3
9
2
8
5
1
20
4
3
9
2
8
5
1
20
4
1
9
1
10
1
9
2
8
5
1
20
4
1
9
1
10
1
9
2
8
5
1
20
4
3
9
2
8
5
1
20
4
2
9
1
11
1
8
6
1
20
4
2
9
1
11
2
8
5
1
20
4
1
9
1
11
3
8
5
1
20
4
1
8
1
11
3
8
5
1
20
4
2
8
1
11
2
8
6
1
19
4
4
8
1
11
6
1
19
4
1
8
3
1
1
11
6
1
19
4
4
1
1
11
6
1
19
4
11
1
19
4
1
10
10
1
19
4
11
1
19
4
11
1
19
4
12
1
18
4
12
1
18
4
13
1
17
4
14
1
16
4
18
1
12
4
20
1
10
4
21
1
9
4
23
1
7
4
***
900
-1
