30
30
*** GearHead Location Record ***
11
4
18
17
1
1
11
4
18
17
1
1
11
4
18
17
1
1
11
4
18
17
1
1
11
4
18
17
1
1
10
4
19
17
1
1
10
4
19
17
1
1
10
4
19
17
1
1
10
4
19
17
1
1
10
4
19
17
1
1
9
4
20
17
1
1
9
4
20
17
1
1
9
4
20
17
1
1
8
4
21
17
1
1
8
4
21
17
1
1
8
4
21
17
1
1
8
4
21
17
1
1
7
4
22
17
1
1
7
4
22
17
1
1
7
4
22
17
1
1
6
4
22
17
1
18
1
1
6
4
22
17
1
18
1
1
5
4
23
17
1
18
1
1
4
4
23
17
2
18
1
1
4
4
23
17
2
18
1
1
3
4
24
17
2
18
1
1
2
4
24
17
3
18
1
1
2
4
24
17
3
18
1
1
1
4
25
17
3
18
1
1
1
4
24
17
4
18
1
1
***
900
-1
