30
30
*** GearHead Location Record ***
14
4
9
1
20
4
10
1
20
4
11
1
18
4
12
1
18
4
12
1
17
4
13
1
17
4
14
1
15
4
15
1
15
4
15
1
14
4
16
1
13
4
7
1
5
8
6
1
12
4
6
1
7
8
5
1
11
4
7
1
7
8
6
1
10
4
6
1
9
8
5
1
10
4
6
1
9
8
6
1
8
4
7
1
9
8
6
1
8
4
7
1
9
8
7
1
6
4
8
1
9
8
8
1
3
4
11
1
8
8
8
1
1
4
13
1
4
8
3
9
1
8
22
1
3
8
2
10
2
9
1
8
22
1
3
8
1
9
1
10
2
9
2
8
21
1
3
8
4
9
2
8
21
1
3
8
4
9
2
8
22
1
1
8
2
9
1
10
1
9
4
8
21
1
1
8
2
9
1
10
1
9
5
8
20
1
1
8
2
9
1
10
2
9
5
8
19
1
1
8
2
9
1
10
2
9
6
8
18
1
3
8
1
10
2
9
6
8
18
1
3
8
3
9
7
8
2
1
***
900
-1
