30
30
*** GearHead Location Record ***
1
8
2
11
3
8
24
1
7
8
23
1
3
9
6
8
21
1
5
9
4
8
21
1
4
10
2
9
4
8
20
1
7
9
3
8
20
1
4
9
1
10
3
9
6
8
16
1
4
8
1
10
4
9
8
8
13
1
5
8
1
10
4
9
8
8
12
1
6
8
1
10
3
9
9
8
11
1
6
8
1
10
1
9
2
10
10
8
10
1
1
11
5
8
1
10
1
9
2
10
1
9
9
8
9
1
1
4
4
8
2
11
1
10
1
9
2
10
2
9
8
8
9
1
1
4
5
8
1
11
1
10
1
9
1
10
1
9
1
10
1
9
1
8
3
9
4
8
9
1
1
4
5
8
1
11
3
9
3
10
1
8
3
9
4
8
9
1
1
4
1
1
4
8
1
11
1
8
2
9
2
10
5
9
4
8
9
1
1
4
1
1
4
8
1
11
1
8
1
9
2
10
6
9
4
8
11
1
5
8
1
11
1
9
2
10
5
9
4
8
12
1
6
8
1
9
3
10
3
9
5
8
12
1
6
8
1
9
2
10
1
9
1
10
1
9
6
8
12
1
6
8
1
9
1
10
1
9
2
10
1
9
5
8
13
1
6
8
2
9
3
10
1
9
4
8
15
1
2
11
3
8
1
9
2
10
1
9
2
10
1
9
3
8
15
1
1
11
3
8
1
11
2
9
1
10
2
9
1
10
1
9
3
8
15
1
1
11
3
8
1
11
2
9
2
10
3
9
2
8
16
1
1
11
2
8
1
11
1
8
3
9
2
10
2
9
1
10
1
8
18
1
1
11
4
8
3
9
3
10
1
8
18
1
1
8
2
11
2
8
3
9
1
10
1
9
1
10
1
8
18
1
3
8
1
11
1
8
5
9
1
8
1
10
19
1
1
8
1
11
4
8
4
9
1
10
14
1
***
900
-1
