30
30
*** GearHead Location Record ***
15
1
10
8
3
9
1
8
1
9
15
1
4
8
11
9
14
1
2
8
9
9
3
10
2
9
14
1
1
8
8
9
2
10
5
9
13
1
2
8
6
9
3
10
6
9
13
1
1
8
6
9
3
10
7
9
12
1
1
8
13
9
2
8
2
9
12
1
1
8
12
9
5
8
11
1
2
8
5
9
1
8
5
9
3
8
3
9
11
1
3
8
4
9
1
8
5
9
3
8
3
9
11
1
3
8
3
9
2
8
4
9
4
8
3
9
11
1
8
8
3
9
6
8
2
9
11
1
17
8
2
9
11
1
16
8
3
9
11
1
14
8
5
9
11
1
13
8
1
9
2
10
3
9
11
1
12
8
2
10
5
9
11
1
10
8
2
10
7
9
11
1
7
8
1
9
2
10
5
9
3
10
1
9
10
1
8
8
1
10
5
9
2
10
4
9
9
1
8
8
5
9
2
10
6
9
7
1
8
8
5
9
2
10
3
9
1
8
4
9
5
1
7
8
1
10
1
8
2
10
3
9
2
10
9
9
4
1
7
8
1
9
2
10
1
8
15
9
3
1
7
8
4
9
1
8
4
9
2
8
7
9
2
8
2
1
7
8
5
9
1
8
11
9
4
8
2
1
6
8
6
9
2
8
8
9
6
8
2
1
5
8
5
9
4
8
7
9
7
8
1
1
4
8
6
9
5
8
5
9
13
8
6
9
6
8
4
9
9
8
1
1
***
900
-1
