30
30
*** GearHead Location Record ***
15
1
3
8
3
9
3
8
3
9
2
8
16
1
3
8
2
9
1
10
2
8
2
9
1
10
2
9
1
8
16
1
3
8
2
9
1
10
1
9
1
8
2
9
1
10
2
9
2
8
15
1
3
8
2
9
1
10
1
9
1
10
2
9
1
10
2
9
2
8
15
1
4
8
4
9
1
8
1
10
2
9
3
8
15
1
4
8
4
9
1
8
3
9
3
8
15
1
5
8
7
9
3
8
16
1
7
8
4
9
3
8
16
1
7
8
3
9
4
8
14
1
9
8
3
9
4
8
12
1
10
8
1
10
7
8
10
1
6
8
4
9
3
8
1
10
5
8
10
1
7
8
4
9
1
8
1
9
1
10
1
9
3
8
11
1
8
8
1
9
1
10
2
9
1
8
1
10
2
9
2
8
12
1
7
8
2
9
1
10
6
9
1
8
12
1
7
8
3
9
2
10
5
9
1
8
12
1
7
8
2
9
1
10
6
9
2
8
11
1
8
8
2
9
1
10
2
9
1
10
2
9
3
8
10
1
11
8
1
10
1
8
2
10
2
9
3
8
10
1
12
8
5
9
3
8
10
1
11
8
6
9
3
8
10
1
10
8
5
9
5
8
11
1
8
8
5
9
6
8
11
1
8
8
2
9
1
10
1
9
7
8
11
1
8
8
2
10
1
9
7
8
13
1
7
8
3
9
5
8
14
1
14
8
16
1
5
8
3
9
5
8
17
1
4
8
3
9
1
10
5
8
17
1
4
8
2
9
1
10
1
9
4
8
12
1
***
900
-1
