30
30
*** GearHead Location Record ***
16
4
14
17
16
4
14
17
16
4
14
17
16
4
14
17
15
4
15
17
15
4
15
17
15
4
15
17
14
4
16
17
14
4
16
17
14
4
16
17
15
4
15
17
15
4
15
17
15
4
15
17
15
4
15
17
16
4
14
17
17
4
13
17
17
4
13
17
18
4
12
17
7
4
4
8
6
4
13
17
5
4
9
8
1
4
15
17
4
4
3
8
3
9
5
8
15
17
3
4
3
8
5
9
5
8
14
17
3
4
3
8
5
9
6
8
13
17
3
4
3
8
1
9
2
10
5
9
4
8
12
17
3
4
2
8
4
9
1
10
4
9
4
8
12
17
3
4
2
8
4
9
1
10
4
9
6
8
10
17
3
4
2
8
3
9
1
10
4
9
8
8
9
17
3
4
2
8
1
9
1
10
5
9
9
8
9
17
2
4
3
8
7
9
10
8
8
17
1
4
5
8
4
9
3
8
4
9
5
8
8
17
***
900
-1
