30
30
*** GearHead Location Record ***
4
9
8
8
4
11
11
8
2
10
1
8
5
9
7
8
1
11
2
8
5
11
11
8
4
9
5
8
2
11
6
8
3
11
10
8
4
9
15
8
2
11
9
8
3
9
1
8
1
10
15
8
3
11
7
8
3
9
18
8
4
11
5
8
5
9
4
8
3
9
9
8
4
11
3
8
1
11
6
9
1
10
3
8
4
9
8
8
8
11
1
9
1
8
2
9
1
10
3
9
2
8
4
9
1
8
5
9
4
8
5
11
1
1
3
9
2
10
3
9
1
10
2
8
3
9
1
8
6
9
3
8
5
11
1
1
6
10
2
9
2
10
4
9
1
8
7
9
5
8
2
11
1
1
3
9
3
10
2
9
2
10
4
9
3
8
1
9
1
10
5
9
4
8
1
11
1
1
5
9
1
8
2
10
2
9
1
10
3
9
4
8
1
10
5
9
5
8
1
1
7
9
1
10
1
9
1
8
1
10
3
9
5
8
2
10
3
9
5
8
1
1
8
9
1
10
2
9
1
10
2
9
7
8
3
9
5
8
1
1
3
8
6
9
3
10
2
9
7
8
2
10
14
8
10
9
5
8
2
10
16
8
12
9
10
8
3
1
7
8
5
9
7
10
9
8
6
1
4
8
10
9
1
10
10
8
5
1
4
8
3
9
3
8
4
9
1
10
3
9
10
8
3
1
9
8
4
9
1
10
4
9
2
8
1
9
12
8
3
10
6
8
2
9
1
10
3
9
2
8
1
9
5
8
3
9
3
8
4
9
2
10
1
8
3
9
2
10
11
9
1
8
4
9
2
8
6
9
4
10
6
9
1
10
1
9
1
8
4
9
1
8
4
9
2
8
11
9
4
8
1
9
2
10
1
8
5
9
1
8
3
9
5
8
4
9
2
8
2
10
6
8
1
9
2
8
8
9
6
8
6
10
7
8
1
9
3
8
3
10
1
9
7
8
2
10
6
8
6
11
5
8
3
9
3
10
12
8
3
11
2
8
1
11
3
8
***
900
-1
