30
30
*** GearHead Location Record ***
3
1
3
8
1
11
3
8
5
9
4
8
14
1
3
8
1
11
3
8
3
9
1
10
1
9
4
8
10
1
1
8
3
1
2
8
1
11
4
8
3
9
1
10
2
9
4
8
9
1
1
8
3
1
3
8
1
11
3
8
4
9
1
10
4
9
2
8
6
1
3
8
4
1
1
8
1
11
5
8
3
9
1
10
4
9
3
8
5
1
3
8
4
1
1
8
2
11
1
8
1
11
4
8
6
9
3
8
5
1
3
8
4
1
5
8
1
11
3
8
1
9
1
10
3
9
5
8
3
1
4
8
5
1
4
8
1
11
2
8
3
9
2
10
3
8
1
11
3
8
2
1
4
8
6
1
6
8
4
9
4
8
1
11
4
8
1
1
4
8
7
1
2
8
1
11
2
8
3
9
2
10
3
8
1
11
4
8
2
1
3
8
8
1
1
11
16
8
3
1
2
8
8
1
17
8
4
1
1
8
8
1
8
8
5
9
4
8
13
1
8
8
5
9
4
8
13
1
6
8
7
9
4
8
13
1
5
8
6
9
5
8
14
1
4
8
2
9
4
10
1
9
5
8
14
1
3
8
4
9
2
10
2
9
4
8
15
1
3
8
5
9
6
8
17
1
2
8
4
9
7
8
18
1
10
8
22
1
5
8
210
1
3
8
5
1
3
8
18
1
12
8
2
1
***
900
-1
