30
30
*** GearHead Location Record ***
6
9
4
8
1
11
19
1
1
10
5
9
5
8
19
1
1
9
1
10
5
9
4
8
19
1
2
9
3
10
2
9
3
8
20
1
1
8
3
10
3
8
1
9
2
8
20
1
1
8
2
9
1
10
2
8
2
9
2
8
20
1
1
11
1
8
1
10
1
9
1
10
1
8
1
9
3
8
20
1
1
11
1
8
2
9
2
10
2
8
1
9
1
8
2
1
2
2
16
1
1
11
1
9
1
8
1
9
1
8
1
10
4
8
2
1
2
2
3
1
2
2
3
1
3
2
5
1
1
8
1
11
3
8
1
10
2
8
1
9
1
8
2
1
1
2
2
1
4
2
2
1
3
2
6
1
5
8
1
10
1
9
3
8
1
1
2
2
1
1
10
2
6
1
2
8
1
9
2
8
1
10
4
8
2
1
1
2
7
1
4
2
6
1
2
8
1
9
2
8
1
9
4
8
2
2
1
1
1
2
2
1
1
2
13
1
9
8
3
1
2
2
1
1
1
2
15
1
7
8
2
1
5
2
17
1
4
8
3
1
3
2
27
1
1
2
1
1
1
2
18
1
1
2
7
1
4
2
18
1
2
2
6
1
1
2
1
1
1
2
24
1
3
2
1
1
1
2
4
1
1
2
17
1
2
2
3
1
1
2
1
1
2
2
2
1
1
2
16
1
1
2
5
1
2
2
3
1
3
2
24
1
4
2
21
1
2
2
1
1
2
2
2
1
1
2
21
1
1
2
2
3
1
2
2
1
2
2
23
1
1
2
1
3
27
1
3
2
115
1
***
900
-1
