30
30
*** GearHead Location Record ***
1
1
2
2
5
1
1
6
16
1
1
6
7
1
2
2
3
1
1
6
16
1
1
6
7
1
1
2
4
1
1
6
16
1
1
6
4
1
2
7
6
1
1
6
16
1
1
6
4
1
2
7
6
1
2
6
15
1
1
6
4
1
3
7
6
1
1
6
7
1
1
6
7
1
1
6
4
1
3
7
6
1
1
6
7
1
9
6
4
1
1
7
8
1
1
6
7
1
1
6
7
1
1
6
13
1
1
6
7
1
1
6
7
1
1
6
13
1
17
6
13
1
1
6
7
1
1
6
4
1
1
6
2
1
1
6
13
1
1
6
7
1
1
6
4
1
1
6
2
1
1
6
13
1
17
6
8
1
6
6
1
1
1
6
2
1
1
6
2
1
1
6
4
1
1
6
11
1
1
6
3
1
1
6
2
1
1
6
2
1
1
6
2
1
1
6
4
1
1
6
11
1
1
6
3
1
1
6
2
1
1
6
2
1
1
6
2
1
6
6
1
1
1
6
9
1
5
6
2
1
1
6
2
1
1
6
2
1
1
6
4
1
3
6
9
1
1
6
3
1
10
6
16
1
1
6
3
1
1
6
2
1
1
6
2
1
1
6
2
1
1
6
8
1
2
4
6
1
5
6
2
1
1
6
2
1
1
6
2
1
1
6
5
1
7
4
4
1
1
6
3
1
1
6
2
1
1
6
2
1
1
6
2
1
1
6
4
1
8
4
4
1
1
6
3
1
1
6
2
1
1
6
2
1
1
6
2
1
1
6
4
1
8
4
4
1
14
6
3
1
9
4
4
1
1
6
3
1
1
6
11
1
7
4
3
17
4
1
1
6
3
1
1
6
10
1
7
4
4
17
4
1
5
6
10
1
7
4
4
17
4
1
1
6
3
1
1
6
8
1
8
4
5
17
4
1
5
6
3
1
11
4
7
17
5
6
6
1
10
4
9
17
10
1
8
4
12
17
***
900
-1
