30
30
*** GearHead Location Record ***
5
1
1
11
21
1
2
11
6
1
1
11
30
1
1
11
15
1
2
6
22
1
6
6
29
1
1
6
29
1
1
6
15
1
1
11
13
1
1
6
12
1
3
11
14
1
1
6
7
1
1
4
7
11
4
1
1
6
9
1
1
6
7
1
1
4
11
1
1
6
17
1
1
4
11
1
1
6
16
1
2
4
11
1
1
6
16
1
2
4
11
1
4
6
13
1
2
4
4
1
1
6
6
1
1
6
4
1
6
6
5
1
3
4
4
1
1
6
6
1
1
6
15
1
3
4
1
11
10
1
1
6
14
1
4
4
1
11
3
1
1
6
7
1
1
6
13
1
4
4
12
1
1
6
13
1
4
4
1
11
11
1
1
6
13
1
4
4
12
1
1
6
12
1
5
4
12
1
1
6
12
1
5
4
12
1
1
6
12
1
5
4
4
1
6
6
2
1
1
6
4
1
1
6
6
1
6
4
3
1
1
6
8
1
1
6
11
1
6
4
24
1
6
4
23
1
7
4
23
1
7
4
23
1
7
4
7
1
3
11
2
1
1
11
10
1
7
4
8
1
2
11
1
1
1
11
11
1
7
4
***
900
-1
