30
30
*** GearHead Location Record ***
2
4
27
17
1
1
2
4
27
17
1
1
3
4
26
17
1
1
4
4
25
17
1
1
4
4
25
17
1
1
5
4
24
17
1
1
6
4
23
17
1
1
7
4
22
17
1
1
7
4
22
17
1
1
8
4
21
17
1
1
8
4
21
17
1
1
9
4
20
17
1
1
9
4
20
17
1
1
9
4
20
17
1
8
9
4
20
17
1
8
9
4
20
17
1
8
10
4
19
17
1
8
10
4
19
17
1
8
10
4
19
17
1
8
1
1
9
4
19
17
1
8
1
1
10
4
18
17
1
8
2
1
9
4
18
17
1
8
2
1
10
4
17
17
1
8
2
1
10
4
17
17
1
8
3
1
9
4
17
17
1
8
3
1
9
4
17
17
1
8
3
1
9
4
17
17
1
8
3
1
9
4
17
17
4
1
9
4
17
17
5
1
8
4
17
17
1
1
***
900
-1
