30
30
*** GearHead Location Record ***
30
1
4
8
26
1
5
8
25
1
6
8
1
1
2
11
21
1
6
8
1
11
23
1
6
8
1
11
23
1
1
10
5
8
1
11
1
8
22
1
1
10
5
8
1
11
1
8
22
1
2
9
5
8
1
11
22
1
2
9
5
8
1
11
22
1
2
9
5
8
1
11
22
1
3
10
4
8
1
11
22
1
1
9
5
8
1
11
1
8
22
1
5
8
1
11
2
8
22
1
3
9
4
8
23
1
3
9
4
8
23
1
3
9
3
8
24
1
3
9
2
8
25
1
3
9
27
1
2
8
17
1
2
11
30
1
3
11
20
1
1
11
1
1
4
8
4
1
1
11
18
1
1
11
1
1
1
11
6
8
1
1
2
11
17
1
2
8
1
11
6
8
2
11
18
1
1
8
2
11
7
8
2
11
17
1
1
8
1
11
4
8
3
9
3
8
1
11
1
8
15
1
1
8
1
11
3
8
5
9
2
8
1
11
2
8
15
1
4
8
6
9
1
8
1
11
3
8
15
1
4
8
6
9
4
8
1
11
13
1
1
11
2
1
3
8
8
9
2
8
1
11
6
1
***
900
-1
