30
30
*** GearHead Location Record ***
8
9
20
8
4
9
3
8
3
9
15
8
7
9
11
8
2
11
10
8
10
9
9
8
1
11
10
8
10
9
9
8
1
11
11
8
9
9
8
8
1
11
9
8
11
9
8
8
1
11
8
8
11
9
9
8
1
11
7
8
13
9
7
8
2
11
6
8
13
9
6
8
4
11
1
8
1
11
2
8
1
11
12
9
12
8
5
11
1
8
9
9
12
8
6
11
1
8
1
11
1
8
7
9
13
8
5
11
6
8
4
9
12
8
1
1
4
11
1
1
21
8
1
10
2
8
2
1
2
11
4
1
22
8
8
1
4
8
1
11
17
8
11
1
1
11
18
8
11
1
1
11
10
8
1
10
7
8
11
1
3
11
7
8
1
10
8
8
10
1
3
8
1
11
6
8
2
10
8
8
10
1
3
11
17
8
10
1
1
11
19
8
10
1
1
8
1
11
18
8
10
1
5
8
2
11
13
8
13
1
2
11
15
8
12
1
1
11
5
1
12
8
21
1
9
8
23
1
7
8
23
1
7
8
24
1
6
8
***
900
-1
