30
30
*** GearHead Location Record ***
4
1
8
4
17
17
5
1
8
4
17
17
5
1
8
4
17
17
6
1
7
4
17
17
1
1
1
8
4
1
6
4
18
17
1
1
1
8
4
1
6
4
18
17
1
1
1
8
4
1
6
4
18
17
6
1
6
4
18
17
1
8
5
1
6
4
18
17
1
8
5
1
6
4
18
17
1
8
5
1
7
4
17
17
1
8
6
1
6
4
17
17
1
8
6
1
7
4
16
17
1
8
6
1
7
4
16
17
1
8
6
1
8
4
15
17
1
9
6
1
8
4
15
17
1
9
6
1
9
4
14
17
1
9
7
1
8
4
14
17
1
9
7
1
8
4
14
17
1
9
7
1
9
4
13
17
1
9
7
1
9
4
13
17
1
9
7
1
9
4
13
17
1
9
7
1
9
4
13
17
1
9
7
1
9
4
13
17
1
8
7
1
9
4
13
17
1
8
7
1
10
4
12
17
1
8
7
1
10
4
12
17
8
1
10
4
12
17
8
1
10
4
12
17
8
1
10
4
12
17
1
1
***
900
-1
