30
30
*** GearHead Location Record ***
25
17
4
18
1
1
25
17
4
18
1
1
25
17
4
18
1
1
25
17
4
18
1
1
25
17
4
18
1
1
24
17
5
18
1
1
24
17
5
18
1
1
24
17
5
18
1
1
23
17
6
18
1
1
23
17
6
18
1
1
23
17
6
18
1
1
23
17
6
18
1
1
22
17
7
18
1
1
22
17
7
18
1
1
21
17
8
18
1
1
21
17
8
18
1
1
20
17
9
18
1
1
20
17
9
18
1
1
19
17
10
18
1
1
19
17
10
18
1
1
18
17
11
18
1
1
18
17
11
18
1
1
17
17
12
18
1
1
17
17
12
18
1
1
16
17
13
18
1
1
16
17
13
18
1
1
15
17
14
18
1
1
14
17
15
18
1
8
13
17
16
18
1
8
12
17
17
18
1
8
***
900
-1
