30
30
*** GearHead Location Record ***
13
8
4
9
11
8
2
9
11
8
6
9
10
8
3
9
10
8
9
9
7
8
4
9
10
8
5
9
3
10
1
9
5
8
6
9
6
8
3
10
9
9
1
10
4
8
3
10
3
9
6
8
2
10
2
8
1
10
8
9
1
10
2
8
1
9
3
10
3
9
6
8
1
9
1
10
1
9
2
8
3
9
1
8
3
9
2
8
1
10
3
9
2
10
2
9
8
8
3
9
10
8
2
10
6
9
9
8
3
9
10
8
1
10
6
9
23
8
7
9
23
8
7
9
3
8
1
10
20
8
5
9
3
10
21
8
5
9
1
10
22
8
2
9
1
10
1
9
3
10
21
8
1
9
3
10
3
9
14
8
4
9
3
8
3
10
5
9
14
8
5
9
1
8
2
10
2
8
4
9
15
8
6
9
1
10
23
8
4
9
1
8
1
10
24
8
3
9
1
8
1
10
25
8
3
9
23
8
2
1
10
8
1
1
14
8
5
1
9
8
7
1
3
8
11
1
9
8
21
1
1
9
6
8
23
1
1
9
6
8
23
1
1
9
5
8
24
1
5
8
25
1
4
8
26
1
3
8
27
1
***
900
-1
