30
30
*** GearHead Location Record ***
1
8
11
1
12
8
2
11
3
8
1
10
1
8
21
1
3
8
1
11
3
8
1
9
19
1
1
2
2
1
4
8
2
11
2
8
17
1
3
2
3
1
7
8
17
1
4
2
2
1
2
2
1
1
4
8
1
11
17
1
1
2
2
3
2
2
2
3
2
1
2
8
2
11
6
1
1
2
1
1
1
2
9
1
1
2
3
3
1
2
4
1
2
8
3
1
6
2
1
3
2
2
7
1
1
2
1
1
1
3
1
2
6
1
1
8
2
1
2
2
5
3
3
2
2
1
3
2
6
1
2
8
4
1
1
8
3
1
3
2
1
3
1
2
1
3
2
2
4
1
1
2
1
1
2
2
3
1
1
8
2
9
1
8
3
1
1
8
3
1
1
2
2
3
2
2
7
1
2
3
3
2
2
1
1
11
1
8
1
9
1
8
3
1
1
8
3
1
3
2
10
1
2
2
1
3
1
2
4
1
1
8
14
1
2
27
2
1
1
27
1
1
2
2
1
3
2
2
7
1
1
2
11
1
5
6
1
1
3
2
1
3
1
2
3
1
2
2
2
1
2
2
7
1
1
2
3
1
1
27
1
1
1
6
2
1
3
2
1
3
3
2
2
1
1
2
2
1
2
2
6
1
1
2
1
1
1
2
4
1
1
6
5
1
1
3
2
1
2
2
2
1
1
2
9
1
2
2
1
3
1
2
3
1
1
6
6
1
1
2
3
3
6
1
1
2
5
1
1
2
1
3
1
2
1
3
1
2
2
1
1
6
6
1
1
2
2
3
1
2
12
1
2
2
2
3
1
2
2
1
1
6
2
1
1
27
1
1
1
27
1
1
1
2
2
3
1
2
7
1
1
8
5
1
3
2
2
1
7
6
1
1
1
2
1
3
1
2
5
1
2
2
1
3
3
8
3
1
2
2
3
1
2
27
1
1
1
6
2
1
1
27
2
1
2
2
5
1
1
2
1
3
1
1
4
8
10
1
1
6
8
1
4
2
2
3
1
2
4
8
10
1
1
6
4
1
1
2
3
1
2
2
2
3
3
2
4
8
5
1
2
2
3
1
1
6
2
1
4
2
3
1
2
2
2
3
2
1
5
8
4
1
1
2
1
3
1
2
2
1
1
6
2
1
2
3
1
2
6
1
1
2
3
1
1
10
2
9
3
8
3
1
2
2
1
3
2
1
1
6
2
1
2
2
11
1
4
9
2
8
8
1
2
6
2
1
1
2
11
1
1
10
3
9
2
8
9
1
1
6
14
1
2
10
2
9
2
8
9
1
1
6
14
1
1
9
1
10
2
9
2
8
9
1
1
6
14
1
***
900
-1
