30
30
*** GearHead Location Record ***
2
8
28
1
1
8
153
1
8
8
19
1
13
8
16
1
15
8
15
1
15
8
15
1
15
8
15
1
7
8
4
9
4
8
15
1
1
10
6
8
1
9
2
10
1
9
4
8
15
1
1
9
1
10
2
9
1
8
6
9
4
8
13
1
2
8
4
9
1
8
4
9
5
8
13
1
3
8
1
9
2
10
1
9
1
8
1
9
1
10
2
9
5
8
13
1
4
8
2
9
1
10
10
8
13
1
4
8
3
9
10
8
13
1
16
8
16
1
1
8
2
1
9
8
22
1
3
8
59
1
1
11
28
1
1
11
13
1
1
11
15
1
1
11
3
1
1
11
8
1
2
11
10
1
1
11
4
1
1
11
1
1
3
11
7
1
1
11
6
1
2
11
4
1
1
11
4
1
2
11
2
1
1
11
7
1
2
11
4
1
2
11
13
1
1
11
14
1
2
11
12
1
1
11
23
1
1
8
4
1
1
11
24
1
***
900
-1
