30
30
*** GearHead Location Record ***
1
9
2
8
9
9
7
8
11
1
1
8
10
9
8
8
11
1
1
8
3
9
2
10
1
9
12
8
11
1
1
8
1
9
2
10
1
9
14
8
11
1
2
10
16
8
12
1
15
8
15
1
8
8
22
1
7
8
23
1
8
8
22
1
8
8
22
1
5
8
1
11
2
8
22
1
2
11
2
8
1
11
3
8
22
1
4
8
1
11
3
8
22
1
8
8
1
1
1
11
20
1
8
8
2
11
20
1
9
8
21
1
16
8
14
1
2
9
15
8
13
1
2
9
16
8
12
1
2
9
16
8
12
1
3
9
16
8
11
1
3
9
16
8
11
1
3
9
17
8
10
1
1
8
4
9
15
8
10
1
1
8
4
9
16
8
9
1
5
9
7
8
3
9
7
8
8
1
4
9
1
8
1
10
5
8
5
9
9
8
5
1
5
9
2
10
2
9
2
8
5
9
14
8
6
9
1
10
3
9
1
8
5
9
15
8
4
9
2
10
3
9
1
8
4
9
15
8
***
900
-1
