30
30
*** GearHead Location Record ***
23
8
7
9
10
8
4
9
7
8
5
9
14
8
4
9
5
8
7
9
14
8
4
9
4
8
7
9
1
8
3
9
4
8
4
9
4
8
3
9
2
8
7
9
1
8
5
9
1
8
7
9
9
8
5
9
1
8
5
9
3
10
7
9
7
8
6
9
1
10
3
9
4
10
2
8
6
9
6
8
6
9
2
10
6
9
2
8
1
10
1
8
2
9
1
8
6
9
2
8
6
9
1
10
6
9
6
8
1
9
2
8
6
9
1
8
5
9
2
10
5
9
8
8
1
9
2
8
11
9
1
10
6
9
14
8
8
9
1
10
6
9
6
8
4
11
3
8
3
9
1
8
3
9
1
10
8
9
7
8
1
11
5
8
4
9
1
8
11
9
13
8
5
9
1
8
9
9
15
8
4
9
3
8
6
9
17
8
3
9
3
8
6
9
18
8
3
9
3
8
5
9
17
8
1
9
4
8
6
9
17
8
3
9
3
8
4
9
20
8
3
9
3
8
4
9
13
8
3
1
2
8
5
9
2
8
7
9
7
8
8
1
1
8
5
9
2
8
7
9
5
8
10
1
1
8
4
9
3
8
7
9
3
8
12
1
8
8
6
9
3
8
13
1
7
8
5
9
1
8
1
10
4
8
11
1
7
8
5
9
2
10
5
8
11
1
7
8
2
9
3
10
7
8
11
1
7
8
3
10
7
9
2
8
12
1
6
8
10
9
2
8
12
1
6
8
***
900
-1
