30
30
*** GearHead Location Record ***
11
9
8
8
6
9
5
8
8
9
9
8
6
9
7
8
3
9
13
8
6
9
2
8
3
9
17
8
2
10
5
9
3
8
4
9
14
8
2
10
8
9
2
8
4
9
2
8
10
9
2
10
10
9
3
8
3
9
2
8
1
9
2
10
6
9
1
10
12
9
8
8
18
9
15
8
14
9
15
8
14
9
16
8
13
9
10
8
1
10
6
8
6
9
17
8
1
10
3
9
26
8
1
10
3
9
27
8
3
9
25
8
3
9
27
8
3
9
25
8
1
10
1
8
3
9
4
8
2
10
18
8
1
10
29
8
1
10
16
8
2
10
1
8
3
9
5
8
3
9
16
8
1
10
2
8
3
9
5
8
3
9
15
8
1
10
6
9
5
8
3
9
14
8
1
10
7
9
14
8
2
1
6
8
7
9
11
8
6
1
3
8
9
9
9
8
9
1
2
8
4
10
5
9
9
8
10
1
1
8
1
9
1
10
5
9
11
8
11
1
1
8
1
9
1
10
5
9
10
8
12
1
1
8
7
9
10
8
12
1
1
10
6
9
12
8
11
1
***
900
-1
