30
30
*** GearHead Location Record ***
24
1
6
8
25
1
4
8
1
9
24
1
5
8
1
9
24
1
5
8
1
9
24
1
5
8
1
9
21
1
3
11
5
8
1
9
19
1
2
11
3
1
5
8
1
9
20
1
2
11
2
1
5
8
1
9
17
1
3
11
3
1
7
8
14
1
3
11
3
1
1
11
1
1
8
8
20
1
1
11
1
1
8
8
20
1
1
11
1
1
3
8
3
9
1
8
1
9
20
1
1
11
1
1
3
8
5
9
19
1
1
11
2
1
3
8
5
9
21
1
1
11
5
8
3
9
20
1
1
11
6
8
3
9
18
1
2
11
6
8
4
9
16
1
2
11
8
8
4
9
11
1
2
11
1
1
1
8
1
11
8
8
3
9
3
10
10
1
1
11
1
1
1
11
1
8
1
11
9
8
6
9
8
1
2
11
1
1
2
8
4
11
6
8
7
9
7
1
1
11
2
1
2
8
2
11
1
8
1
11
7
8
7
9
10
1
1
8
1
11
1
8
2
11
8
8
7
9
10
1
1
8
2
11
10
8
6
9
1
8
6
1
5
11
2
8
1
11
4
8
5
9
7
8
1
1
5
11
2
1
6
11
3
8
6
9
7
8
9
1
1
8
1
11
6
8
3
9
1
10
2
9
7
8
9
1
1
8
1
11
5
8
3
9
1
10
10
8
9
1
1
8
1
11
5
8
3
9
1
10
10
8
8
1
3
8
1
11
2
8
4
9
1
10
8
8
3
1
***
900
-1
