30
30
*** GearHead Location Record ***
6
17
23
18
1
1
6
17
23
18
1
1
5
17
24
18
1
1
4
17
25
18
1
1
4
17
25
18
1
1
3
17
26
18
1
1
3
17
26
18
1
1
3
17
26
18
1
1
3
17
26
18
1
1
3
17
26
18
1
1
3
17
26
18
1
1
3
17
26
18
1
1
3
17
26
18
1
1
3
17
26
18
1
1
3
17
26
18
1
1
3
17
26
18
1
1
2
17
27
18
1
1
2
17
27
18
1
1
2
17
27
18
1
1
2
17
27
18
1
1
3
17
26
18
1
1
3
17
26
18
1
1
3
17
26
18
1
1
4
17
25
18
1
1
4
17
25
18
1
1
4
17
25
18
1
1
5
17
24
18
1
1
5
17
24
18
1
1
5
17
24
18
1
1
5
17
24
18
1
1
***
900
-1
