30
30
*** GearHead Location Record ***
11
1
1
6
16
1
2
8
11
1
2
6
15
1
2
8
12
1
1
6
15
1
2
8
12
1
1
6
15
1
1
8
1
11
12
1
1
6
15
1
1
8
1
11
12
1
1
6
15
1
1
8
1
11
12
1
2
6
14
1
1
11
1
8
13
1
1
6
14
1
2
8
13
1
1
6
14
1
1
8
1
11
13
1
1
6
14
1
1
8
1
11
13
1
1
6
15
1
1
11
13
1
1
6
29
1
1
6
29
1
1
6
29
1
1
6
29
1
2
6
15
1
1
8
13
1
1
6
15
1
2
8
3
11
9
1
1
6
15
1
6
11
1
8
7
1
1
6
15
1
8
8
6
1
1
6
15
1
9
8
5
1
1
6
15
1
9
8
5
1
1
6
15
1
9
8
5
1
1
6
15
1
9
8
5
1
1
6
15
1
9
8
5
1
1
6
15
1
9
8
5
1
1
6
15
1
2
9
7
8
5
1
1
6
15
1
2
9
6
8
6
1
1
6
15
1
2
9
5
8
7
1
1
6
15
1
7
8
7
1
1
6
15
1
***
900
-1
