30
30
*** GearHead Location Record ***
7
1
3
8
3
9
5
8
18
1
4
8
3
9
4
8
17
1
6
8
2
10
1
9
4
8
14
1
7
8
5
9
5
8
12
1
8
8
5
9
6
8
11
1
8
8
1
9
1
10
2
9
8
8
10
1
5
8
3
9
1
8
1
10
13
8
7
1
3
8
5
9
16
8
6
1
2
8
5
9
1
10
2
8
3
9
1
8
3
9
9
8
4
1
1
8
3
9
1
10
2
9
1
10
2
8
7
9
11
8
2
1
3
9
1
10
1
9
4
8
8
9
11
8
2
1
3
9
1
10
4
8
8
9
12
8
2
1
3
9
5
8
6
9
2
8
4
9
8
8
2
1
3
9
5
8
4
9
4
8
1
9
1
10
2
9
8
8
2
1
8
8
4
9
4
8
1
9
1
10
2
9
8
8
2
1
9
8
3
9
4
8
3
9
8
8
3
1
1
10
14
8
4
9
8
8
3
1
2
10
2
9
8
8
1
10
2
8
4
9
7
8
4
1
5
9
7
8
1
10
2
8
3
9
8
8
4
1
2
9
1
10
2
9
5
8
7
9
1
10
8
8
4
1
1
8
1
10
3
9
2
8
9
9
1
10
8
8
5
1
6
8
8
9
3
10
3
9
5
8
5
1
6
8
6
9
1
8
2
10
5
9
4
8
6
1
6
8
6
9
1
8
2
10
5
9
3
8
7
1
7
8
4
9
1
10
1
8
7
9
3
8
7
1
6
8
2
9
3
10
1
8
7
9
4
8
7
1
2
9
3
8
3
9
1
10
1
9
1
8
7
9
5
8
7
1
3
9
1
8
5
9
1
8
6
9
6
8
8
1
5
9
2
10
1
9
1
8
5
9
7
8
9
1
7
9
1
8
6
9
6
8
10
1
***
900
-1
