30
30
*** GearHead Location Record ***
25
1
5
8
24
1
6
8
23
1
7
8
22
1
8
8
20
1
10
8
16
1
14
8
6
1
22
8
2
9
2
1
25
8
1
10
2
9
1
1
24
8
2
10
1
8
2
9
15
8
3
9
8
8
1
10
3
9
12
8
6
9
9
8
3
9
9
8
14
9
4
8
3
9
9
8
9
9
1
10
4
9
4
8
3
9
9
8
5
9
4
10
5
9
2
8
10
9
1
10
3
8
5
10
6
9
3
8
12
9
1
10
1
9
2
8
20
9
1
8
5
9
1
10
1
9
2
8
5
9
1
8
3
9
1
10
8
9
3
8
7
9
5
8
4
9
2
10
7
9
7
8
12
9
2
10
6
9
8
8
9
9
5
10
6
9
10
8
1
10
14
9
15
8
1
10
7
9
22
8
3
9
21
8
2
11
1
8
1
11
24
8
4
11
1
8
1
11
23
8
6
11
13
8
6
1
4
8
3
11
15
8
10
1
2
8
4
11
6
8
18
1
3
11
2
8
1
11
4
8
2
9
18
1
1
11
1
1
3
8
1
11
3
8
1
9
1
10
1
9
20
1
2
8
1
11
2
8
1
9
2
10
1
9
1
10
***
900
-1
