30
30
*** GearHead Location Record ***
5
4
13
1
11
4
1
17
1
4
1
1
3
4
14
1
10
4
1
17
19
1
9
4
2
17
19
1
9
4
2
17
19
1
9
4
2
17
18
1
10
4
2
17
17
1
11
4
2
17
15
1
12
4
3
17
13
1
14
4
3
17
11
1
16
4
3
17
10
1
17
4
3
17
10
1
17
4
3
17
10
1
17
4
3
17
10
1
17
4
3
17
10
1
17
4
3
17
10
1
16
4
4
17
10
1
16
4
4
17
10
1
16
4
4
17
10
1
16
4
4
17
10
1
15
4
5
17
10
1
15
4
5
17
10
1
15
4
5
17
10
1
15
4
5
17
10
1
15
4
5
17
11
1
14
4
5
17
11
1
14
4
5
17
11
1
14
4
5
17
10
1
14
4
6
17
10
1
14
4
6
17
10
1
14
4
6
17
***
900
-1
