30
30
*** GearHead Location Record ***
1
8
4
1
2
11
4
1
18
8
1
1
1
8
8
1
22
8
5
1
1
11
1
1
22
8
6
1
1
11
23
8
4
1
2
11
1
1
2
8
2
11
11
8
3
9
5
8
4
1
1
11
1
1
4
8
1
11
10
8
4
9
5
8
5
1
1
11
3
8
1
11
11
8
4
9
5
8
5
1
3
8
1
11
12
8
3
9
6
8
4
1
4
8
1
11
21
8
3
1
12
8
4
9
11
8
1
1
12
8
6
9
2
8
4
9
1
10
16
8
1
9
2
10
4
9
2
8
4
9
1
10
15
8
6
9
4
8
3
9
1
10
5
9
10
8
1
9
1
10
3
9
2
8
1
10
3
8
9
9
7
8
2
9
2
10
3
9
2
8
1
10
3
8
4
9
3
10
3
9
7
8
1
9
1
10
4
9
7
8
3
9
1
10
3
9
5
8
10
9
8
8
5
9
6
8
6
9
13
8
4
9
7
8
3
9
2
10
1
9
24
8
1
9
2
10
7
8
6
9
11
8
1
1
1
8
3
9
7
8
3
9
1
10
5
9
7
8
4
1
3
9
7
8
4
9
1
10
4
9
6
8
5
1
3
9
7
8
9
9
4
8
7
1
3
9
19
8
8
1
18
8
12
1
16
8
14
1
16
8
15
1
15
8
17
1
12
8
19
1
11
8
15
1
***
900
-1
