30
30
*** GearHead Location Record ***
1
4
20
1
1
9
1
10
1
9
4
8
2
1
1
4
20
1
1
9
1
10
1
9
4
8
2
1
1
4
19
1
5
9
3
8
2
1
1
4
19
1
5
9
2
8
3
1
1
4
19
1
5
9
2
8
3
1
1
4
19
1
2
8
3
9
2
8
3
1
1
4
19
1
6
8
4
1
3
4
18
1
3
8
6
1
3
4
27
1
4
4
1
1
7
4
18
1
15
4
15
1
16
4
14
1
16
4
14
1
16
4
14
1
16
4
14
1
16
4
14
1
16
4
14
1
15
4
15
1
13
4
17
1
7
4
14
1
3
8
6
1
6
4
14
1
4
8
6
1
6
4
12
1
6
8
6
1
6
4
11
1
7
8
6
1
7
4
10
1
6
8
7
1
7
4
10
1
7
8
6
1
7
4
10
1
8
8
5
1
7
4
10
1
2
8
2
9
1
10
4
8
4
1
8
4
9
1
2
8
2
9
1
10
4
8
4
1
8
4
9
1
2
8
2
9
1
10
4
8
4
1
8
4
9
1
2
8
2
9
1
10
4
8
4
1
***
900
-1
