30
30
*** GearHead Location Record ***
20
1
3
8
5
9
1
10
1
8
20
1
2
8
6
9
1
10
1
8
19
1
2
8
6
9
2
10
1
8
18
1
3
8
5
9
1
10
3
9
18
1
3
8
9
9
18
1
4
8
3
9
2
10
1
9
1
10
1
9
18
1
5
8
5
9
1
10
1
9
18
1
4
8
4
9
1
8
3
9
18
1
4
8
4
9
1
8
3
9
18
1
4
8
3
9
1
8
4
9
18
1
4
8
3
9
2
10
3
9
18
1
7
8
1
10
4
9
18
1
3
8
3
9
1
10
5
9
18
1
3
8
3
9
1
10
4
9
1
8
16
1
5
8
2
9
1
10
4
9
1
8
17
1
5
8
1
9
1
10
4
9
2
8
17
1
12
8
18
1
3
8
3
9
6
8
18
1
3
8
3
10
6
8
18
1
3
8
3
9
6
8
18
1
10
8
20
1
8
8
22
1
7
8
24
1
5
8
188
1
***
900
-1
