30
30
*** GearHead Location Record ***
14
1
2
8
3
9
2
8
7
1
2
8
14
1
2
8
3
9
2
8
7
1
2
8
14
1
6
8
4
1
3
8
17
1
4
8
6
1
3
8
16
1
2
8
1
9
1
10
1
9
5
1
4
8
16
1
1
8
1
9
1
10
2
9
3
1
6
8
15
1
2
8
1
9
1
10
2
9
3
1
5
8
16
1
2
8
3
9
4
1
4
8
17
1
2
8
3
9
4
1
3
8
18
1
2
8
3
9
25
1
5
8
11
1
2
4
12
1
4
8
10
1
4
4
12
1
3
9
3
8
7
1
5
4
12
1
3
9
3
8
6
1
6
4
12
1
3
9
3
8
5
1
7
4
12
1
1
10
2
9
2
8
5
1
8
4
12
1
1
10
3
8
6
1
8
4
12
1
4
8
5
1
9
4
12
1
4
8
5
1
9
4
12
1
3
8
5
1
10
4
12
1
3
8
5
1
10
4
12
1
3
8
5
1
10
4
20
1
10
4
20
1
10
4
19
1
11
4
19
1
11
4
17
1
13
4
15
1
15
4
11
1
19
4
10
1
20
4
***
900
-1
