30
30
*** GearHead Location Record ***
6
8
1
11
8
8
15
1
5
8
1
11
10
8
14
1
4
8
1
11
16
8
9
1
4
8
6
11
6
8
1
11
5
8
8
1
16
8
1
11
7
8
6
1
3
8
3
9
10
8
1
11
8
8
5
1
3
8
5
9
8
8
1
11
9
8
4
1
3
8
6
9
8
8
2
11
10
8
3
1
2
8
6
9
8
8
1
11
4
8
3
9
4
8
2
1
4
8
4
9
12
8
5
9
7
8
6
9
1
8
3
9
8
8
6
9
6
8
3
9
4
8
4
9
2
8
2
1
3
8
6
9
6
8
3
9
4
8
5
9
2
8
2
1
5
8
3
9
2
8
8
9
2
8
7
9
2
8
3
1
3
8
3
9
2
8
8
9
2
10
8
9
2
8
3
1
2
8
3
9
2
8
2
9
3
10
2
9
1
10
5
9
1
8
4
9
2
8
3
1
2
8
3
9
2
8
2
10
2
9
3
10
7
9
1
8
1
10
2
9
3
8
2
1
2
8
3
9
2
8
15
9
1
10
9
8
3
9
2
8
4
9
1
8
11
9
1
10
14
8
3
9
3
8
9
9
1
8
1
10
1
8
5
9
7
8
3
9
5
8
7
9
1
10
2
8
7
9
6
8
1
11
10
8
3
9
2
10
1
8
8
9
6
8
1
11
8
8
2
10
3
9
2
10
3
8
2
9
1
10
2
9
17
8
1
10
2
9
1
10
3
9
2
8
1
10
1
9
1
10
1
9
12
8
1
11
4
8
1
10
2
9
1
10
3
9
2
8
1
10
1
8
1
10
4
9
4
8
2
10
4
8
2
11
2
8
1
9
1
10
5
9
1
8
1
10
3
8
2
10
2
9
4
8
2
10
5
8
1
11
3
8
1
10
4
9
6
8
4
9
6
8
2
10
3
8
1
11
3
8
4
9
9
8
2
9
11
8
4
11
7
8
1
11
4
8
1
10
1
8
1
9
1
8
7
1
15
8
1
11
4
8
1
10
1
8
***
900
-1
