30
30
*** GearHead Location Record ***
15
8
1
11
8
8
1
11
1
8
1
11
3
8
1
1
14
8
1
11
8
8
1
1
1
11
1
8
1
11
2
8
1
1
2
8
4
9
9
8
1
11
6
8
5
1
1
11
2
1
2
8
5
9
8
8
1
11
4
8
10
1
2
8
5
9
9
8
1
11
2
8
11
1
4
8
3
9
9
8
1
11
1
8
13
1
3
8
3
9
3
8
4
9
3
8
3
1
6
7
3
1
1
8
1
1
3
8
3
9
3
8
4
9
3
8
3
1
6
7
3
1
6
8
2
9
1
10
2
8
5
9
2
8
3
1
7
7
2
1
2
8
1
1
3
8
2
9
1
10
3
8
4
9
3
8
2
1
7
7
2
1
2
8
1
1
3
8
2
9
1
10
1
9
3
8
3
9
1
11
2
8
2
1
9
7
3
8
1
1
2
8
2
9
2
10
3
8
3
9
1
8
1
11
1
8
3
1
3
7
1
2
4
7
7
8
1
9
2
10
1
9
2
8
3
9
1
8
1
11
1
8
3
1
5
7
2
2
1
7
1
8
3
10
3
8
1
9
2
10
1
9
2
8
3
9
1
8
1
11
1
8
3
1
6
7
2
2
7
8
1
9
2
10
1
9
2
8
3
9
2
8
1
11
3
1
8
7
5
8
1
1
1
8
1
9
2
10
1
9
1
8
3
9
3
8
1
11
3
1
8
7
2
9
3
8
1
1
2
8
1
10
6
9
3
8
1
11
2
1
9
7
3
9
2
8
1
1
2
8
1
10
6
9
3
8
1
11
1
8
1
1
4
7
1
2
3
7
1
2
3
9
5
8
1
10
6
9
3
8
1
11
1
8
1
1
5
7
1
2
3
7
3
9
1
8
1
10
3
8
1
10
4
9
7
8
2
1
5
7
1
2
2
7
1
8
2
9
1
10
4
8
1
10
1
8
3
9
7
8
3
1
7
7
1
8
3
9
1
10
3
8
1
10
1
8
3
9
4
8
2
11
1
8
3
1
7
7
1
8
3
9
1
10
1
9
2
8
1
10
8
8
2
11
1
8
4
1
6
7
1
11
4
9
1
10
1
9
2
8
1
10
8
8
1
11
1
8
6
1
3
7
1
1
2
8
3
9
1
10
1
9
2
8
1
10
8
8
2
11
10
1
2
8
4
9
1
10
4
8
3
9
4
8
1
11
1
8
1
11
9
1
4
8
3
9
4
8
4
9
3
8
1
11
1
8
10
1
4
8
3
9
4
8
4
9
4
8
1
11
9
1
1
4
4
8
3
9
2
8
1
1
2
8
3
9
5
8
7
1
3
4
4
8
2
10
2
8
2
1
10
8
5
1
5
4
***
900
-1
