30
30
*** GearHead Location Record ***
9
8
3
11
2
8
1
11
5
8
1
11
14
8
4
11
11
8
1
11
40
8
4
11
11
8
2
1
12
8
1
11
15
8
3
1
2
8
3
9
17
8
4
9
2
8
2
1
2
8
6
9
14
8
4
9
3
8
2
1
1
8
7
9
12
8
5
9
6
8
7
9
1
8
1
1
10
8
4
9
8
8
6
9
7
8
4
9
1
8
3
9
1
8
6
9
13
8
22
9
5
8
1
11
2
8
7
9
1
10
4
9
4
10
8
9
6
8
4
9
3
10
3
9
2
10
4
9
2
10
7
9
4
8
2
9
3
10
14
9
2
10
7
9
2
8
2
10
19
9
2
10
5
9
1
8
1
10
23
9
1
10
2
9
1
10
1
9
3
8
3
9
3
8
6
9
5
8
3
9
2
10
4
9
1
10
20
8
3
9
4
10
1
8
2
9
20
8
4
9
39
8
1
11
4
8
4
11
20
8
13
11
4
8
2
1
15
8
2
11
1
8
8
11
3
8
4
1
7
8
1
10
3
8
14
11
11
8
1
9
1
10
6
8
1
11
1
8
3
11
1
8
3
11
1
8
1
11
6
8
4
11
1
8
1
9
1
10
5
8
12
11
3
8
3
9
1
8
1
10
3
8
1
9
1
10
5
8
1
11
1
8
7
11
1
8
1
11
4
8
3
9
2
8
1
10
2
8
1
9
2
10
4
8
9
11
1
8
1
11
4
8
3
9
2
8
1
10
2
8
2
9
1
8
1
10
3
8
1
11
1
8
9
11
4
8
3
9
5
8
3
9
6
8
2
11
1
8
5
11
11
8
2
10
***
900
-1
