30
30
*** GearHead Location Record ***
1
10
5
9
13
8
11
1
1
10
4
9
15
8
10
1
3
9
17
8
10
1
7
9
3
8
4
9
6
8
10
1
8
9
1
8
8
9
3
8
10
1
17
9
3
8
10
1
2
9
3
8
12
9
3
8
10
1
2
9
3
8
6
9
1
8
5
9
3
8
10
1
4
8
4
9
1
10
1
9
2
8
4
9
4
8
10
1
2
8
3
9
2
10
2
9
11
8
10
1
1
8
3
9
2
10
2
9
12
8
10
1
6
9
6
8
3
9
4
8
11
1
4
9
7
8
4
9
1
8
14
1
3
9
7
8
5
9
15
1
3
9
7
8
4
9
16
1
1
10
2
9
7
8
3
9
17
1
3
9
1
10
2
9
3
8
21
1
2
9
1
10
3
9
2
8
22
1
1
10
1
9
1
10
3
9
2
8
22
1
1
9
1
10
2
9
4
8
22
1
1
10
2
9
4
8
23
1
2
9
5
8
23
1
1
9
6
8
23
1
7
8
23
1
6
8
24
1
6
8
24
1
5
8
25
1
4
8
26
1
2
8
58
1
***
900
-1
