30
30
*** GearHead Location Record ***
94
1
5
8
24
1
9
8
21
1
9
8
21
1
9
8
11
1
4
8
6
1
1
8
3
9
5
8
11
1
7
8
4
1
4
9
4
8
11
1
7
8
4
1
4
9
4
8
11
1
7
8
5
1
3
9
4
8
12
1
9
8
4
1
4
8
14
1
11
8
20
1
11
8
22
1
9
8
20
1
12
8
17
1
14
8
16
1
3
8
1
9
12
8
12
1
5
8
1
9
1
10
12
8
9
1
7
8
1
9
1
10
5
8
1
10
2
8
3
9
1
8
8
1
8
8
1
9
1
10
4
9
1
8
2
10
1
8
3
9
2
8
5
1
10
8
6
9
2
8
4
9
1
10
16
8
7
9
1
8
5
9
1
10
16
8
1
9
7
8
4
9
1
10
17
8
1
9
7
8
3
9
12
8
2
10
4
8
2
9
7
8
3
9
11
8
2
10
2
9
3
8
1
10
1
9
9
8
3
9
7
8
6
9
3
8
2
9
8
8
4
9
7
8
6
9
13
8
1
10
3
9
7
8
5
9
14
8
1
9
1
10
2
9
7
8
3
9
3
8
3
9
2
8
***
900
-1
