30
30
*** GearHead Location Record ***
89
1
1
8
27
1
3
8
26
1
4
8
25
1
5
8
23
1
7
8
22
1
8
8
21
1
9
8
18
1
12
8
14
1
16
8
13
1
17
8
12
1
18
8
12
1
6
8
3
9
9
8
11
1
6
8
4
9
1
8
4
9
4
8
11
1
5
8
10
9
4
8
11
1
4
8
5
9
1
8
5
9
4
8
11
1
3
8
6
9
1
8
4
9
4
8
1
9
11
1
3
8
4
9
3
8
3
9
4
8
2
9
11
1
3
8
3
9
4
8
3
9
1
8
5
9
11
1
3
8
3
9
4
8
3
9
1
8
5
9
11
1
13
8
4
9
2
10
11
1
13
8
2
9
3
10
1
9
12
1
9
8
1
10
2
8
1
9
3
10
2
9
13
1
6
8
2
10
3
8
2
9
2
10
2
9
16
1
3
10
5
8
3
9
1
10
2
9
19
1
5
8
3
9
1
10
1
9
1
10
20
1
4
8
4
9
2
10
20
1
10
8
20
1
1
8
3
9
6
8
***
900
-1
