30
30
*** GearHead Location Record ***
15
1
5
8
1
11
2
1
2
8
20
1
2
11
2
8
1
11
2
8
2
1
3
8
19
1
1
8
2
11
3
8
4
1
2
8
19
1
2
8
3
11
2
8
3
1
1
8
19
1
5
8
3
11
4
8
18
1
3
8
1
11
4
8
3
11
2
8
17
1
4
8
2
11
2
8
1
11
1
8
1
11
2
8
18
1
7
8
2
11
3
8
18
1
7
8
1
11
1
8
1
11
2
8
18
1
8
8
1
11
1
8
1
11
1
8
19
1
11
8
21
1
9
8
22
1
3
8
2
11
3
8
24
1
1
11
2
8
1
11
2
8
24
1
4
11
2
8
26
1
2
11
2
8
26
1
1
8
1
11
1
8
1
9
11
6
16
1
2
8
1
9
10
1
1
6
16
1
2
8
1
9
10
1
1
6
16
1
3
8
10
1
1
6
16
1
3
8
10
1
1
6
16
1
1
11
2
8
10
1
1
6
16
1
1
8
2
11
10
1
1
6
16
1
3
8
10
1
2
6
15
1
3
8
11
1
1
6
15
1
3
8
11
1
1
6
15
1
3
8
11
1
1
6
15
1
3
8
11
1
1
6
15
1
3
8
11
1
1
6
16
1
2
8
***
900
-1
