30
30
*** GearHead Location Record ***
87
8
1
10
26
8
3
9
1
10
26
8
3
9
1
10
6
8
3
9
17
8
4
9
6
8
3
9
18
8
3
9
6
8
3
9
18
8
4
9
5
8
3
9
1
8
4
1
13
8
5
9
4
8
3
9
6
1
13
8
4
9
6
8
7
1
14
8
2
9
1
10
6
8
8
1
13
8
1
9
2
10
6
8
13
1
7
8
2
9
1
10
1
9
7
8
12
1
5
8
3
9
1
10
2
9
1
8
3
9
3
8
3
1
1
25
7
1
6
8
2
9
1
10
2
9
2
8
3
9
4
8
10
1
6
8
4
9
3
8
4
9
3
8
9
1
7
8
3
9
4
8
4
9
3
8
8
1
16
8
3
9
3
8
8
1
9
8
2
10
5
8
3
9
3
8
8
1
4
8
4
10
1
9
7
8
3
9
3
8
8
1
3
8
5
9
1
10
7
8
3
9
3
8
8
1
3
8
6
9
7
8
3
9
2
8
9
1
3
8
5
9
1
10
7
8
3
9
2
8
9
1
3
8
5
9
1
10
1
9
6
8
3
9
1
8
11
1
3
8
4
9
3
10
3
9
2
8
3
9
1
8
11
1
6
8
7
9
6
8
12
1
8
8
4
9
6
8
13
1
18
8
14
1
16
8
17
1
6
8
***
900
-1
