30
30
*** GearHead Location Record ***
3
9
2
8
1
11
3
8
2
11
2
8
3
1
3
8
14
9
2
8
1
11
2
8
1
11
4
8
2
1
4
8
5
9
2
8
7
9
1
8
1
11
3
8
2
11
16
8
5
9
3
8
1
11
4
8
1
11
16
8
5
9
8
8
1
11
2
8
3
9
11
8
5
9
10
8
4
9
3
8
6
9
1
8
6
9
10
8
4
9
1
8
3
9
3
10
8
9
11
8
3
9
2
8
3
10
3
9
1
10
8
9
3
8
3
9
6
8
3
10
5
9
1
8
5
9
1
8
2
10
1
9
2
8
4
9
2
8
4
10
6
9
1
8
3
9
1
10
2
9
1
8
1
10
2
8
7
9
1
10
17
9
5
8
5
9
2
10
17
9
3
8
3
1
2
9
3
10
7
9
2
8
3
9
3
10
2
9
3
8
4
1
1
8
1
9
1
10
8
9
1
10
5
9
2
10
4
9
2
8
4
1
2
8
7
9
1
8
1
9
1
10
4
9
2
10
1
9
1
10
1
9
4
8
4
1
2
8
1
11
12
9
2
10
3
9
5
8
3
1
3
8
1
11
1
8
3
9
2
10
6
9
1
10
2
9
6
8
3
1
4
8
1
11
2
8
2
9
1
10
7
9
1
10
9
8
1
1
3
8
3
11
3
8
2
9
1
10
7
9
1
10
19
8
1
9
1
10
7
9
1
10
15
8
5
1
2
10
7
9
1
10
13
8
7
1
9
9
13
8
8
1
3
9
18
8
9
1
19
8
11
1
17
8
13
1
15
8
15
1
13
8
17
1
9
8
21
1
6
8
54
1
***
900
-1
