30
30
*** GearHead Location Record ***
19
1
5
8
4
9
1
10
1
9
19
1
5
8
2
9
2
10
1
9
1
8
19
1
5
8
2
10
1
9
3
8
19
1
11
8
19
1
8
8
3
9
19
1
7
8
4
9
20
1
5
8
5
9
10
1
1
6
9
1
2
8
7
9
1
10
2
4
8
1
1
6
10
1
1
8
6
9
1
10
1
9
3
4
7
1
1
6
10
1
1
8
5
9
2
8
1
9
3
4
7
1
1
6
11
1
7
8
1
9
4
4
6
1
1
6
12
1
5
8
2
10
4
4
6
1
1
6
12
1
3
8
2
10
2
8
6
4
4
1
1
6
12
1
1
8
2
10
3
8
1
9
7
4
3
1
1
6
12
1
5
8
2
9
8
4
2
1
1
6
12
1
5
8
2
9
8
4
2
1
2
6
11
1
5
8
2
9
9
4
2
1
1
6
9
1
6
8
3
9
9
4
2
1
1
6
9
1
6
8
3
9
9
4
2
1
1
6
8
1
7
8
3
9
9
4
1
1
2
6
7
1
8
8
1
9
1
10
1
9
9
4
1
1
1
6
7
1
8
8
4
9
9
4
1
1
1
6
7
1
7
8
1
9
1
10
3
9
8
4
2
1
1
6
6
1
8
8
2
10
2
9
1
8
8
4
2
1
1
6
6
1
7
8
1
10
3
9
2
8
8
4
1
1
2
6
6
1
5
8
1
9
1
10
4
9
2
8
8
4
1
1
1
6
6
1
4
8
2
9
1
10
4
9
3
8
1
4
2
1
3
4
3
1
1
6
6
1
4
8
1
9
2
10
3
9
4
8
9
1
1
6
6
1
3
8
2
10
3
9
5
8
8
1
3
6
6
1
1
8
1
9
1
10
1
9
2
10
1
9
5
8
2
1
***
900
-1
