30
30
*** GearHead Location Record ***
3
1
2
6
24
1
1
8
3
1
1
6
25
1
1
8
3
1
1
6
25
1
1
8
3
1
1
6
25
1
1
8
3
1
1
6
23
1
3
11
3
1
1
6
23
1
3
8
3
1
1
6
22
1
4
8
3
1
1
6
21
1
5
8
3
1
1
6
20
1
6
8
2
1
2
6
18
1
3
8
1
11
4
8
2
1
1
6
17
1
4
8
1
11
5
8
2
1
1
6
16
1
10
8
1
11
2
1
1
6
15
1
9
8
2
11
1
8
2
1
1
6
14
1
9
8
1
11
3
8
2
1
1
6
13
1
14
8
1
1
2
6
12
1
15
8
2
6
12
1
16
8
14
1
9
8
3
11
4
8
13
1
5
8
4
9
8
8
12
1
6
8
8
9
4
8
11
1
4
8
1
10
2
8
8
9
4
8
11
1
4
8
1
10
3
8
6
9
1
10
4
8
11
1
4
8
2
10
3
8
4
9
1
8
1
10
4
8
11
1
5
8
1
10
4
8
3
9
2
8
2
10
2
8
11
1
6
8
1
10
11
8
1
9
11
1
7
8
3
9
7
8
2
9
10
1
8
8
4
9
6
8
2
9
9
1
9
8
5
9
5
8
2
9
8
1
11
8
2
9
1
10
2
9
4
8
2
9
8
1
1
8
1
11
4
8
2
11
4
8
1
9
1
10
2
9
5
8
1
9
***
900
-1
