30
30
*** GearHead Location Record ***
16
1
14
8
16
1
14
8
15
1
10
8
3
9
2
8
12
1
13
8
3
9
2
8
9
1
15
8
4
9
2
8
8
1
14
8
6
9
2
8
8
1
14
8
5
9
3
8
7
1
14
8
5
9
4
8
6
1
15
8
4
9
5
8
5
1
16
8
3
9
6
8
5
1
14
8
5
9
6
8
4
1
12
8
8
9
6
8
4
1
10
8
9
9
7
8
4
1
9
8
8
9
8
8
5
1
8
8
6
9
10
8
5
1
7
8
6
9
10
8
6
1
7
8
7
9
5
8
11
1
4
8
9
9
6
8
11
1
4
8
9
9
5
8
12
1
4
8
9
9
4
8
12
1
3
8
10
9
5
8
12
1
2
8
10
9
6
8
12
1
1
8
11
9
6
8
11
1
2
8
11
9
6
8
11
1
2
8
11
9
5
8
12
1
8
8
4
9
5
8
13
1
7
8
4
9
5
8
14
1
7
8
4
9
5
8
14
1
6
8
4
9
6
8
14
1
5
8
4
9
7
8
14
1
***
900
-1
