30
30
*** GearHead Location Record ***
3
8
2
10
3
8
2
1
1
8
3
9
6
8
5
1
5
4
4
8
1
10
3
8
2
1
1
8
4
9
6
8
4
1
5
4
1
11
3
8
3
9
4
8
5
9
5
8
4
1
5
4
4
8
3
9
5
8
5
9
4
8
4
1
5
4
4
8
3
9
6
8
4
9
4
8
4
1
5
4
3
8
4
9
2
8
2
10
3
8
3
9
5
8
4
1
4
4
3
8
4
9
1
8
1
10
1
8
3
9
9
8
5
1
3
4
3
8
3
9
3
10
1
8
6
9
1
10
5
8
7
1
1
4
4
8
4
9
1
10
1
8
7
9
1
10
4
8
8
1
4
8
4
9
1
10
1
8
6
9
2
10
4
8
8
1
5
8
4
9
1
10
2
8
4
9
1
10
1
9
5
8
7
1
1
11
8
8
1
9
1
10
1
9
1
8
3
9
1
10
2
9
4
8
8
1
1
11
7
8
2
9
1
10
2
8
5
9
4
8
8
1
8
8
4
9
3
8
3
9
2
8
1
11
2
8
8
1
5
8
1
11
1
8
4
9
7
8
1
11
3
8
8
1
5
8
1
11
2
8
3
9
7
8
2
11
2
8
9
1
4
8
1
11
13
8
1
11
2
8
10
1
3
8
1
11
6
8
1
11
8
8
13
1
9
8
1
11
5
8
16
1
8
8
1
11
4
8
18
1
6
8
1
11
1
8
24
1
3
8
257
1
***
900
-1
