30
30
*** GearHead Location Record ***
13
8
3
9
4
10
1
9
26
8
4
9
38
8
1
1
29
8
1
1
29
8
1
1
14
8
1
10
14
8
1
1
9
8
3
9
2
8
1
10
13
8
2
1
8
8
6
9
13
8
3
1
1
8
3
9
4
8
5
9
1
10
12
8
4
1
4
9
4
8
6
9
11
8
5
1
1
9
1
10
2
9
5
8
4
9
10
8
7
1
1
9
1
10
1
9
19
8
8
1
1
9
1
10
1
9
16
8
11
1
1
10
1
9
15
8
13
1
1
9
14
8
15
1
2
9
11
8
17
1
2
9
10
8
18
1
1
10
1
9
10
8
18
1
4
9
7
8
19
1
4
9
7
8
19
1
1
10
3
9
7
8
19
1
1
10
2
9
8
8
19
1
1
10
1
9
9
8
19
1
2
9
8
8
20
1
9
8
21
1
9
8
21
1
8
8
22
1
8
8
22
1
7
8
23
1
7
8
23
1
***
900
-1
