30
30
*** GearHead Location Record ***
10
17
19
18
1
1
11
17
18
18
1
1
11
17
18
18
1
1
11
17
18
18
1
1
11
17
18
18
1
1
12
17
17
18
1
1
12
17
17
18
1
1
13
17
16
18
1
1
14
17
15
18
1
1
15
17
14
18
1
1
16
17
13
18
1
1
18
17
11
18
1
1
19
17
10
18
1
1
20
17
9
18
1
1
20
17
9
18
1
1
21
17
8
18
1
1
22
17
7
18
1
1
23
17
6
18
1
1
24
17
5
18
1
1
25
17
4
18
1
1
27
17
2
18
1
1
1
4
26
17
2
18
1
1
2
4
27
17
1
1
3
4
26
17
1
1
3
4
26
17
1
1
4
4
25
17
1
1
5
4
24
17
1
1
7
4
22
17
1
1
10
4
19
17
1
1
21
4
8
17
1
1
***
900
-1
