30
30
*** GearHead Location Record ***
6
1
1
11
3
1
3
8
4
9
1
8
3
9
2
8
1
11
11
1
1
11
4
1
3
8
3
9
2
8
4
9
1
1
1
11
9
1
2
11
5
1
8
8
4
9
11
1
1
11
3
8
4
1
7
8
4
9
9
1
1
8
1
11
5
8
4
1
8
8
4
1
1
11
5
1
3
8
1
11
5
8
15
1
1
11
5
1
9
8
15
1
1
11
5
1
9
8
15
1
1
11
5
1
1
8
1
11
9
8
3
1
1
11
15
1
2
11
3
8
3
9
3
8
3
11
1
8
15
1
1
11
3
8
4
9
3
8
1
11
2
8
4
11
12
1
4
8
4
9
3
8
3
11
3
8
1
11
12
1
4
8
3
9
9
8
1
11
1
8
12
1
4
8
3
9
8
8
1
11
1
8
3
11
10
1
4
8
3
9
7
8
3
11
3
8
1
11
9
1
3
8
3
9
1
10
1
8
3
9
9
8
1
11
9
1
2
8
3
9
1
10
5
9
9
8
1
11
9
1
1
8
3
9
1
10
1
9
1
8
4
9
8
8
1
11
2
8
8
1
1
8
2
9
1
10
1
9
2
8
3
9
12
8
8
1
3
9
1
10
2
8
4
9
13
8
7
1
2
9
1
10
1
9
1
8
5
9
13
8
3
1
1
11
3
1
3
10
2
8
4
9
16
8
1
11
4
1
1
9
1
10
1
9
1
8
2
9
1
10
1
9
8
8
5
9
5
8
2
11
2
1
2
9
5
10
1
9
7
8
6
9
6
8
1
11
2
1
3
9
1
8
1
9
2
10
8
8
6
9
6
8
1
11
2
1
1
8
3
9
2
8
1
10
8
8
6
9
10
8
4
9
2
8
1
10
7
8
6
9
10
8
4
9
10
8
6
9
10
8
5
9
8
8
2
9
2
10
5
9
8
8
6
9
7
8
4
9
4
10
1
9
1
8
4
9
2
8
***
900
-1
