30
30
*** GearHead Location Record ***
13
1
15
8
15
1
15
8
17
1
12
8
20
1
9
8
22
1
7
8
26
1
3
8
36
1
1
8
29
1
2
8
28
1
2
8
28
1
2
8
28
1
6
8
8
1
8
8
8
1
23
8
7
1
13
8
4
9
7
8
6
1
11
8
6
9
7
8
6
1
9
8
8
9
7
8
6
1
6
8
6
9
1
10
2
9
9
8
6
1
5
8
3
9
4
10
1
9
11
8
6
1
5
8
1
9
2
10
4
9
12
8
6
1
5
8
4
9
15
8
6
1
1
8
3
9
2
8
3
9
15
8
6
1
2
9
2
10
1
8
4
9
14
8
7
1
1
9
2
10
6
9
13
8
8
1
3
9
1
10
4
9
12
8
10
1
1
9
2
10
4
9
11
8
12
1
6
9
1
10
9
8
14
1
4
9
2
10
1
9
5
8
18
1
4
8
3
9
2
8
21
1
7
8
23
1
6
8
24
1
***
900
-1
