30
30
*** GearHead Location Record ***
14
1
16
8
14
1
16
8
16
1
14
8
17
1
11
8
2
9
17
1
6
8
5
11
2
9
18
1
6
8
1
11
3
8
2
9
19
1
9
8
2
9
17
1
11
8
2
9
14
1
16
8
11
1
19
8
9
1
21
8
8
1
21
8
1
9
8
1
20
8
2
9
7
1
8
8
4
9
5
8
3
9
1
8
2
9
7
1
8
8
4
9
4
8
4
9
1
8
2
9
7
1
8
8
4
9
4
8
4
9
1
8
2
9
7
1
9
8
3
9
4
8
3
9
4
8
7
1
9
8
2
9
1
10
3
8
2
10
2
9
4
8
7
1
4
8
3
9
2
8
3
10
1
8
1
9
3
10
6
8
7
1
3
8
4
9
5
8
1
9
3
10
7
8
7
1
3
8
4
9
4
8
5
9
7
8
6
1
4
8
3
9
4
8
5
9
8
8
3
1
10
8
3
9
1
8
2
10
2
9
18
8
3
9
1
8
3
9
1
8
3
9
18
8
2
10
6
9
13
8
1
1
8
8
8
9
11
8
3
1
7
8
8
9
12
8
3
1
4
8
4
9
2
10
1
9
1
8
3
9
2
8
2
11
6
8
5
1
3
8
4
9
1
10
3
9
13
8
6
1
2
8
7
9
9
8
1
11
5
8
6
1
***
900
-1
