30
30
*** GearHead Location Record ***
3
9
3
8
9
1
1
6
6
1
2
2
7
1
4
8
6
1
2
2
2
1
1
6
6
1
3
2
1
1
2
2
3
1
4
8
7
1
1
2
2
1
1
6
6
1
1
2
2
3
1
2
1
1
1
3
1
2
2
1
4
8
8
1
1
2
1
1
1
6
6
1
2
2
3
3
1
1
1
2
3
1
3
8
10
1
5
6
3
1
1
2
1
3
1
1
2
3
2
2
19
1
1
6
3
1
1
2
1
1
4
3
1
2
19
1
1
6
3
1
1
2
1
1
5
3
19
1
1
6
4
1
1
2
5
3
3
1
1
2
15
1
1
6
4
1
1
2
5
3
2
1
1
2
16
1
1
6
3
1
2
2
1
1
3
3
12
1
4
8
4
1
2
6
4
1
5
2
10
1
3
8
3
10
4
1
1
6
9
1
1
7
9
1
4
8
2
10
4
1
1
6
9
1
2
7
6
1
8
8
4
1
1
6
9
1
2
7
5
1
4
8
1
10
4
8
4
1
1
6
6
1
2
2
1
1
3
7
4
1
4
8
1
10
4
8
4
1
1
6
5
1
2
2
1
1
1
2
3
7
4
1
3
8
2
10
2
8
2
10
4
1
1
6
7
1
2
2
3
7
4
1
7
8
2
10
4
1
1
6
7
1
1
2
1
1
3
7
5
1
8
8
4
1
1
6
6
1
3
2
2
7
7
1
6
8
5
1
1
6
9
1
1
7
9
1
3
8
7
1
2
6
8
1
1
7
16
1
1
2
3
1
1
6
24
1
1
2
4
1
9
6
48
1
4
7
24
1
7
7
22
1
9
7
6
1
2
4
11
1
12
7
4
1
1
2
6
4
6
1
14
7
3
1
1
2
6
4
5
1
15
7
4
1
***
900
-1
