30
30
*** GearHead Location Record ***
5
4
14
1
16
4
14
1
15
4
15
1
14
4
17
1
11
4
20
1
9
4
12
1
3
8
7
1
8
4
10
1
5
8
7
1
8
4
9
1
6
8
7
1
8
4
9
1
5
8
8
1
8
4
9
1
3
8
10
1
8
4
7
1
5
8
9
1
9
4
6
1
6
8
7
1
11
4
5
1
1
8
3
9
3
8
7
1
11
4
4
1
2
8
3
9
3
8
7
1
11
4
4
1
2
8
1
10
2
9
3
8
7
1
11
4
4
1
2
8
1
10
2
9
2
8
8
1
11
4
4
1
1
9
1
10
3
9
2
8
8
1
11
4
3
1
1
8
1
9
1
10
2
9
3
8
8
1
11
4
3
1
1
8
4
9
3
8
8
1
11
4
3
1
2
8
3
9
2
8
9
1
11
4
2
1
3
8
3
9
1
8
10
1
11
4
2
1
5
8
12
1
11
4
2
1
3
8
14
1
11
4
2
1
4
8
13
1
11
4
2
1
4
8
12
1
12
4
1
1
5
8
10
1
14
4
6
8
8
1
16
4
5
8
6
1
19
4
4
8
5
1
21
4
3
8
6
1
21
4
***
900
-1
