30
30
*** GearHead Location Record ***
9
4
16
17
3
18
2
17
8
4
16
17
4
18
2
17
8
4
16
17
4
18
2
17
7
4
16
17
5
18
2
17
7
4
15
17
6
18
2
17
6
4
15
17
7
18
2
17
6
4
14
17
8
18
2
17
5
4
15
17
8
18
2
17
5
4
15
17
8
18
2
17
4
4
15
17
9
18
2
17
4
4
15
17
9
18
2
17
3
4
16
17
9
18
2
17
1
4
17
17
10
18
20
17
10
18
19
17
10
18
20
17
10
18
20
17
10
18
20
17
10
18
19
17
11
18
19
17
11
18
18
17
12
18
17
17
13
18
16
17
13
18
15
17
15
18
13
17
17
18
11
17
19
18
7
17
23
18
4
17
26
18
4
17
25
18
5
17
25
18
5
17
***
900
-1
