30
30
*** GearHead Location Record ***
60
1
2
8
28
1
4
8
26
1
5
8
25
1
5
8
25
1
6
8
24
1
4
9
2
8
24
1
4
9
2
8
24
1
4
9
2
8
24
1
2
9
1
10
4
8
23
1
2
9
1
10
4
8
23
1
3
9
4
8
23
1
3
9
5
8
22
1
4
9
4
8
22
1
2
9
3
10
3
8
22
1
1
9
1
10
3
9
3
8
22
1
1
9
1
10
3
9
3
8
22
1
1
9
1
10
3
9
3
8
22
1
2
9
1
10
1
9
3
8
23
1
2
10
2
9
3
8
5
1
18
6
1
10
3
9
2
8
6
1
1
6
17
1
3
9
3
8
6
1
1
6
17
1
2
9
3
8
7
1
1
6
17
1
2
9
3
8
7
1
1
6
17
1
5
8
7
1
1
6
17
1
5
8
7
1
1
6
17
1
4
8
8
1
1
6
17
1
4
8
8
1
1
6
17
1
4
8
8
1
1
6
17
1
***
900
-1
