30
30
*** GearHead Location Record ***
13
8
17
1
14
8
16
1
14
8
16
1
2
9
13
8
15
1
2
9
14
8
14
1
2
9
15
8
13
1
1
9
17
8
12
1
1
9
19
8
10
1
2
8
2
10
18
8
8
1
2
8
2
10
20
8
6
1
3
9
26
8
1
1
3
9
9
8
4
9
14
8
3
9
9
8
4
9
14
8
2
9
10
8
4
9
14
8
1
9
6
8
3
9
6
8
3
9
11
8
1
9
6
8
4
9
5
8
3
9
11
8
1
11
6
8
4
9
5
8
3
9
3
8
5
10
4
8
2
11
5
8
3
9
5
8
3
9
1
8
3
10
5
8
2
9
5
8
2
11
20
8
3
9
3
8
2
11
22
8
3
9
2
8
1
11
24
8
3
9
2
8
4
11
22
8
2
9
32
8
17
1
11
8
23
1
7
8
16
1
3
8
8
1
3
8
16
1
3
8
9
1
2
8
16
1
3
8
10
1
1
8
16
1
3
8
10
1
1
8
30
1
***
900
-1
