30
30
*** GearHead Location Record ***
8
1
2
8
1
11
3
8
1
11
6
8
3
9
5
8
1
9
8
1
2
8
1
11
3
8
1
11
3
8
3
9
1
8
1
10
7
8
8
1
1
8
2
11
3
8
1
11
3
8
3
9
1
8
1
10
7
8
8
1
1
8
2
11
3
8
1
11
3
8
4
9
1
10
7
8
8
1
1
8
1
11
4
8
1
11
3
8
5
9
1
10
1
9
5
8
8
1
1
8
1
11
4
8
1
11
4
8
4
9
1
10
6
9
7
1
2
8
2
11
3
8
1
11
5
8
3
9
1
10
3
9
3
10
7
1
8
8
1
11
6
8
1
9
1
10
6
9
7
1
15
8
2
9
1
10
1
9
1
8
3
9
7
1
2
8
1
11
14
8
2
10
2
8
2
10
7
1
1
8
2
11
14
8
2
9
1
10
1
8
2
9
7
1
3
8
2
11
11
8
4
9
1
10
2
9
6
1
6
8
1
11
10
8
3
9
1
10
3
9
6
1
8
8
3
9
6
8
4
9
3
10
6
1
3
8
1
11
4
8
3
9
7
8
6
9
6
1
3
8
3
11
2
8
4
9
5
8
2
11
5
9
6
1
8
8
5
9
6
8
1
11
1
8
3
9
6
1
9
8
4
9
7
8
1
11
3
8
7
1
4
8
2
1
3
8
6
9
8
8
7
1
4
8
2
1
6
8
2
10
3
9
6
8
7
1
4
8
4
1
4
8
2
9
3
10
5
9
1
8
8
1
5
8
3
1
3
8
5
9
5
10
1
9
8
1
5
8
1
1
8
8
3
9
1
10
4
9
9
1
7
8
2
10
7
8
1
10
1
8
3
9
10
1
8
8
4
10
3
8
1
9
3
10
1
9
12
1
13
8
5
9
13
1
12
8
5
9
14
1
4
8
2
11
10
8
14
1
3
8
1
11
2
8
1
11
9
8
14
1
6
8
1
11
4
8
2
1
3
8
***
900
-1
