30
30
*** GearHead Location Record ***
5
1
7
8
18
1
13
8
17
1
14
8
16
1
14
8
16
1
14
8
15
1
15
8
15
1
5
8
6
9
4
8
15
1
4
8
3
9
1
10
3
9
3
8
17
1
2
8
6
9
1
10
2
9
2
8
17
1
6
9
2
8
3
9
2
8
17
1
5
9
3
8
1
10
3
9
1
8
10
1
5
8
2
1
1
10
3
9
3
8
1
10
4
9
1
8
7
1
9
8
1
1
1
9
5
8
1
10
2
9
1
10
2
9
1
8
6
1
10
8
1
1
1
9
4
8
1
10
1
8
1
9
1
10
3
9
2
8
5
1
2
8
4
9
4
8
1
1
1
9
3
8
2
9
4
10
5
8
4
1
2
8
4
9
4
8
1
1
4
8
6
9
5
8
5
1
1
8
4
9
3
8
2
1
4
8
5
9
6
8
7
1
5
8
3
1
5
8
4
9
6
8
15
1
14
8
16
1
12
8
20
1
9
8
289
1
***
900
-1
