30
30
*** GearHead Location Record ***
1
9
5
8
5
9
1
10
2
9
16
8
1
9
4
8
4
9
2
10
3
9
13
8
4
9
4
8
9
9
10
8
4
9
1
10
1
9
5
8
8
9
11
8
4
9
1
10
1
9
6
8
3
9
1
10
14
8
3
9
2
10
8
8
3
9
14
8
2
9
1
10
9
8
4
9
15
8
1
10
10
8
4
9
14
8
2
10
10
8
4
9
13
8
2
10
1
9
2
10
2
9
19
8
3
9
2
8
1
9
1
10
4
9
10
8
3
9
6
8
3
9
2
8
6
9
10
8
1
9
4
10
3
8
4
9
2
8
2
9
3
10
11
8
1
9
2
10
2
9
3
8
4
9
3
8
1
10
2
9
12
8
1
9
3
10
1
9
3
8
3
9
20
8
1
10
2
9
1
10
3
8
3
9
20
8
5
9
25
8
5
9
26
8
4
9
45
8
2
1
27
8
6
1
23
8
10
1
17
8
17
1
7
8
220
1
***
900
-1
